"change_24h","id","market_cap","name","price","rank","source","symbol","timestamp","volume","date","hour"
-14.13549,"render-token",789822970,"Render",1.52,109,"coingecko","RENDER","2025-12-01T18:53:01.370012",58548121,"2025-12-01",18
